"","fcon","hp","wt","qsec","disp","drat"
"fcon",1,-0.78,-0.87,0.42,-0.85,0.68
"hp",-0.78,1,0.66,-0.71,0.79,-0.45
"wt",-0.87,0.66,1,-0.17,0.89,-0.71
"qsec",0.42,-0.71,-0.17,1,-0.43,0.09
"disp",-0.85,0.79,0.89,-0.43,1,-0.71
"drat",0.68,-0.45,-0.71,0.09,-0.71,1
